# Pose of ref_camera_link in hand
camera:
  x: 0.02
  y: 0.0
  z: 0.045
  roll: 3.14159265
  pitch: -1.57079633
  yaw: 0.0
